1:
electric: 100 101 102 103 104 105 106 107 108 109 
lady: 100 101 102 103 104 105 106 107 108 109 
road: 100 101 102 103 104 105 106 107 108 109 
2:
electric: 200 201 202 203 204 205 
lady: 200 201 202 203 204 205 
road: 200 201 202 203 204 205 
3:
electric: 300 301 302 303 304 305 306 307 308 309 
lady: 300 301 302 303 304 
road: 300 301 302 303 304 
4:
electric: 400 401 402 403 404 405 406 407 408 409 410 411 412 413 414 415 
lady: 400 401 402 403 404 405 406 407 408 409 410 411 412 413 414 415 416 
road: 400 401 402 403 404 405 406 407 408 409 410 411 412 413 414 415 416 417 
5:
electric: 500 501 502 503 504 505 506 507 508 509 510 511 512 513 514 515 516 517 518 
lady: 500 501 502 503 504 505 506 507 508 509 510 511 512 513 514 515 516 517 518 
road: 500 501 502 503 504 505 506 507 508 509 510 511 512 513 514 515 516 517 
6:
electric: 600 601 602 603 604 605 606 607 608 609 
lady: 600 601 602 603 604 605 606 607 608 609 610 611 612 613 614 615 616 617 
road: 600 601 602 603 604 605 606 607 608 609 610 611 612 613 614 615 616 617 
7:
electric: 700 701 702 703 704 705 706 707 708 709 710 711 712 713 714 715 716 717 718 719 
lady: 700 701 702 703 704 705 706 707 708 709 710 711 712 713 714 715 716 717 718 719 
road: 700 701 702 703 704 705 706 707 708 709 710 711 712 713 714 715 716 717 718 719 
8:
electric: 800 801 802 
lady: 800 801 802 
road: 800 801 802 
9:
electric: 
lady: 
road: 
