1:
electric: 100 102 109 200 203 300 305 307 309 501 800 
lady: 103 107 108 200 202 301 501 600 605 607 701 708 800 
road: 108 500 802 
2:
electric: 104 204 505 205 507 602 
lady: 100 709 
road: 105 109 400 401 402 701 
3:
electric: 101 107 108 503 504 506 702 704 
lady: 106 204 205 302 303 304 400 707 
road: 
4:
electric: 106 202 302 303 304 400 401 402 403 404 405 500 502 601 603 605 701 
lady: 105 203 401 402 404 405 406 601 602 604 705 
road: 106 107 301 403 404 405 406 407 507 
5:
electric: 201 508 600 604 
lady: 101 503 504 505 506 507 508 702 703 801 802 
road: 200 204 
6:
electric: 608 609 700 703 801 
lady: 104 201 403 500 
road: 302 303 304 501 502 601 602 603 604 605 606 607 700 703 
7:
electric: 301 306 308 606 705 706 707 708 709 
lady: 109 
road: 100 102 104 202 704 705 706 707 708 709 800 
8:
electric: 103 105 802 
lady: 300 603 606 700 
road: 101 201 505 600 801 
9:
electric: 607 
lady: 102 502 704 706 
road: 103 203 205 300 503 504 506 702 
375995