1:
electric: 100 102 109 203 300 301 305 307 309 501 601 602
lady: 102 107 109 202 204 601 603 607 701 800
road: 108 403 800
2:
electric: 104 200 204 505 507 606
lady: 100 707
road: 105 109 401 404 406 701 802
3:
electric: 101 107 108 503 506 600 702 703
lady: 108 201 302 303 304 400 500 605
road:
4:
electric: 106 202 302 303 304 400 401 402 403 404 405 500 502 504 603 605 608 700 701
lady: 105 200 401 402 404 405 406 501 502 600 705
road: 106 107 301 407 506
5:
electric: 201 508 604 607
lady: 103 403 506 507 508 604 606 702 703 801 802
road: 200 204 601
6:
electric: 801
lady: 104 106 203 301
road: 302 303 304 400 402 603 604 605 606 607 700 702
7:
electric: 205 308 609 704 705 706 707 708 709
lady: 205 708 709
road: 100 102 104 202 703 704 705 706 707 708 709
8:
electric: 103 105 802
lady: 300 503 602 700
road: 101 201 500 501 502 504 602
9:
electric: 306 800
lady: 101 504 505 704 706
road: 103 203 205 300 405 503 505 507 600 801
389030
