1@0: 10 10 10 
1@28: 10 10 9 
1@33: 11 10 9 
1@43: 10 10 9 
1@73: 10 9 9 
1@83: 10 9 8 
1@91: 10 9 9 
1@103: 10 10 9 
1@129: 9 11 9 
1@134: 8 11 9 
1@141: 8 11 8 
1@143: 8 11 9 
1@169: 9 11 9 
1@206: 9 12 9 
1@227: 8 12 9 
1@244: 8 11 10 
1@247: 8 11 9 
1@268: 7 11 9 
1@269: 7 11 10 
1@273: 7 10 10 
1@296: 8 10 10 
1@316: 8 10 9 
1@348: 8 11 9 
1@357: 8 10 9 
1@379: 8 11 9 
1@405: 8 11 8 
1@409: 8 12 8 
1@425: 9 12 8 
1@436: 9 11 8 
1@443: 9 10 8 
1@478: 10 10 8 
1@485: 10 10 7 
1@488: 10 9 7 
1@547: 10 10 7 
1@550: 10 11 7 
1@551: 10 11 6 
1@555: 9 11 6 
1@565: 8 11 6 
1@626: 8 11 7 
1@654: 8 10 7 
1@664: 8 10 6 
1@675: 7 10 6 
1@693: 6 10 6 
1@701: 6 9 6 
1@717: 6 9 7 
1@719: 5 9 7 
1@754: 5 9 8 
1@766: 4 9 8 
1@769: 4 8 8 
1@773: 3 8 8 
1@825: 4 8 8 
1@849: 4 7 8 
1@852: 3 7 8 
1@855: 2 7 8 
1@865: 2 9 8 
1@880: 2 9 7 
1@882: 2 9 6 
1@911: 2 10 6 
1@951: 2 10 5 
1@959: 3 10 5 
1@973: 3 9 5 
1@995: 4 9 5 
1@1002: 4 10 5 
1@1018: 4 11 5 
1@1021: 5 11 5 
1@1034: 4 11 5 
1@1046: 5 11 5 
1@1064: 5 10 5 
1@1075: 6 10 5 
1@1076: 6 11 5 
1@1111: 6 10 5 
1@1113: 7 10 5 
1@1119: 7 9 5 
1@1121: 7 10 5 
1@1165: 7 10 4 
1@1168: 6 10 4 
1@1185: 6 11 4 
1@1189: 7 11 4 
1@1190: 8 11 4 
1@1203: 9 11 4 
1@1217: 8 11 4 
1@1231: 8 10 4 
1@1234: 8 10 3 
1@1249: 8 11 3 
1@1260: 8 12 2 
1@1265: 8 12 3 
1@1291: 8 13 3 
1@1367: 9 13 3 
1@1379: 10 13 3 
1@1392: 11 13 3 
2@0: 6 6 6 
2@12: 5 6 6 
2@54: 6 6 6 
2@68: 5 6 6 
2@94: 5 5 6 
2@131: 5 5 5 
2@148: 5 5 4 
2@166: 5 5 5 
2@182: 5 5 4 
2@204: 5 4 4 
2@236: 6 4 4 
2@281: 5 4 4 
2@290: 5 3 4 
2@325: 5 3 5 
2@328: 5 3 4 
2@361: 4 3 4 
2@373: 4 3 3 
2@378: 4 3 2 
2@399: 4 3 3 
2@437: 4 4 3 
2@466: 4 4 4 
2@468: 4 3 4 
2@469: 4 2 4 
2@479: 3 2 4 
2@601: 3 1 4 
2@617: 3 1 3 
2@620: 4 1 3 
2@621: 4 0 3 
2@644: 3 0 3 
2@710: 3 0 4 
2@715: 3 0 5 
2@758: 3 1 5 
2@778: 3 2 5 
2@782: 4 2 5 
2@828: 5 2 5 
2@832: 5 1 5 
2@840: 5 2 5 
2@859: 5 2 4 
2@865: 6 2 4 
2@866: 6 3 4 
2@868: 5 3 4 
2@872: 6 3 4 
2@904: 5 3 4 
2@907: 5 3 5 
2@908: 5 3 4 
2@913: 5 2 4 
2@962: 6 2 4 
2@969: 5 2 4 
2@973: 4 2 4 
2@999: 4 3 4 
2@1019: 5 3 3 
2@1024: 4 3 3 
2@1026: 4 2 3 
2@1071: 4 2 4 
2@1072: 5 1 4 
2@1102: 4 1 4 
2@1123: 5 1 4 
2@1160: 3 1 4 
2@1162: 2 1 4 
2@1173: 2 1 5 
2@1176: 2 1 6 
2@1179: 3 1 7 
2@1183: 4 1 7 
2@1205: 4 0 7 
2@1207: 4 0 6 
2@1253: 4 1 6 
2@1264: 5 1 6 
2@1272: 5 0 6 
2@1278: 6 0 6 
2@1285: 6 1 6 
2@1311: 6 0 6 
2@1312: 6 0 5 
2@1359: 6 1 5 
2@1365: 6 1 6 
2@1368: 5 1 6 
2@1385: 5 2 6 
2@1387: 6 2 6 
3@0: 9 5 5 
3@13: 8 5 5 
3@19: 8 4 5 
3@42: 7 4 4 
3@48: 7 4 5 
3@49: 7 4 4 
3@56: 6 4 4 
3@114: 6 4 5 
3@117: 5 4 5 
3@123: 5 4 4 
3@143: 5 4 5 
3@158: 6 4 5 
3@207: 6 5 5 
3@216: 6 6 5 
3@223: 6 6 6 
3@224: 6 6 5 
3@251: 6 6 4 
3@260: 6 6 3 
3@264: 6 7 3 
3@276: 5 7 3 
3@278: 5 7 4 
3@288: 6 7 4 
3@302: 6 8 4 
3@339: 7 8 4 
3@353: 7 8 3 
3@373: 8 8 3 
3@389: 8 7 3 
3@395: 8 7 2 
3@404: 9 7 2 
3@406: 9 6 2 
3@433: 9 5 2 
3@448: 9 5 3 
3@458: 8 5 3 
3@475: 8 5 2 
3@508: 8 6 2 
3@566: 9 6 2 
3@632: 9 6 1 
3@639: 9 7 1 
3@642: 9 6 1 
3@654: 9 6 0 
3@668: 8 6 0 
3@674: 8 7 0 
3@678: 8 6 0 
3@687: 8 5 0 
3@692: 8 4 0 
3@708: 7 4 0 
3@772: 8 4 0 
3@792: 9 4 0 
3@800: 8 4 0 
3@805: 7 4 0 
3@823: 7 5 0 
3@827: 7 6 0 
3@828: 7 5 0 
3@833: 7 6 0 
3@845: 7 5 0 
3@862: 7 6 1 
3@869: 7 7 1 
3@870: 6 7 1 
3@872: 7 7 1 
3@875: 8 7 1 
3@891: 8 6 1 
3@922: 8 5 1 
3@974: 8 6 1 
3@975: 6 6 1 
3@977: 6 6 0 
3@980: 6 7 0 
3@987: 6 6 0 
3@1001: 5 6 0 
3@1007: 5 5 0 
3@1023: 6 5 0 
3@1043: 6 6 0 
3@1050: 6 7 0 
3@1064: 6 8 0 
3@1083: 6 8 1 
3@1099: 6 8 2 
3@1111: 5 8 2 
3@1117: 5 9 2 
3@1129: 5 9 1 
3@1142: 5 8 1 
3@1147: 5 7 1 
3@1170: 4 7 1 
3@1172: 5 7 1 
3@1188: 6 7 1 
3@1193: 6 7 0 
3@1222: 6 7 1 
3@1233: 7 7 1 
3@1234: 7 7 0 
3@1251: 7 8 0 
3@1258: 8 8 0 
4@0: 6 7 8 
4@39: 7 7 8 
4@53: 8 7 8 
4@75: 9 7 8 
4@88: 9 6 8 
4@123: 9 5 8 
4@132: 9 6 8 
4@168: 9 6 7 
4@194: 9 5 7 
4@230: 9 6 7 
4@243: 9 6 6 
4@271: 9 6 7 
4@278: 10 6 7 
4@279: 10 6 8 
4@284: 10 7 8 
4@300: 11 7 8 
4@308: 12 7 8 
4@407: 11 7 8 
4@410: 11 6 8 
4@422: 11 7 8 
4@426: 11 8 8 
4@430: 12 8 8 
4@439: 12 8 7 
4@450: 12 9 7 
4@468: 12 10 7 
4@475: 12 11 7 
4@495: 12 12 7 
4@496: 13 12 7 
4@510: 13 13 7 
4@624: 13 14 7 
4@641: 14 14 7 
4@671: 15 14 7 
4@688: 16 14 7 
4@696: 16 14 8 
4@700: 16 13 8 
4@713: 16 13 7 
4@719: 15 13 7 
4@727: 15 13 6 
4@760: 15 14 6 
4@765: 14 14 6 
4@783: 14 14 7 
4@796: 13 14 7 
4@807: 13 13 7 
4@828: 14 13 7 
4@842: 14 13 6 
4@843: 15 13 6 
4@880: 15 13 5 
4@882: 16 13 5 
4@886: 16 13 6 
4@897: 16 13 7 
4@943: 17 13 7 
4@949: 17 13 8 
4@954: 17 12 8 
4@967: 17 12 9 
4@970: 17 11 9 
4@1027: 17 12 9 
4@1030: 17 11 9 
4@1057: 17 10 9 
4@1061: 17 10 10 
4@1079: 17 10 9 
4@1081: 16 10 9 
4@1088: 16 10 8 
4@1108: 16 10 7 
4@1118: 16 11 7 
4@1125: 15 11 7 
4@1129: 16 11 7 
4@1134: 16 10 7 
4@1162: 16 11 7 
4@1178: 16 10 7 
4@1189: 17 10 7 
4@1208: 18 10 7 
4@1213: 17 10 8 
4@1228: 17 9 8 
4@1232: 17 10 8 
4@1262: 17 10 9 
4@1267: 16 10 9 
4@1275: 16 11 9 
4@1292: 16 11 10 
4@1310: 16 11 9 
4@1315: 17 11 9 
5@0: 9 9 8 
5@28: 8 9 8 
5@39: 9 9 8 
5@41: 9 9 7 
5@46: 9 10 7 
5@72: 9 10 8 
5@76: 9 10 7 
5@84: 9 10 6 
5@128: 8 10 6 
5@136: 8 11 6 
5@158: 7 11 6 
5@162: 7 11 5 
5@206: 7 12 5 
5@211: 6 12 5 
5@220: 5 12 5 
5@248: 5 13 4 
5@251: 5 12 4 
5@323: 5 13 4 
5@361: 6 13 4 
5@405: 5 13 4 
5@442: 4 13 4 
5@466: 4 13 3 
5@516: 4 14 3 
5@521: 5 14 3 
5@530: 6 14 3 
5@558: 6 14 2 
5@570: 6 14 3 
5@578: 5 14 3 
5@599: 5 13 3 
5@615: 6 13 3 
5@668: 6 13 2 
5@717: 6 14 2 
5@725: 7 13 2 
5@748: 7 12 2 
5@765: 7 13 2 
5@766: 7 13 1 
5@793: 7 12 1 
5@802: 8 12 1 
5@803: 7 12 1 
5@807: 7 11 1 
5@815: 7 12 1 
5@816: 8 12 1 
5@819: 8 13 1 
5@857: 7 13 1 
5@872: 7 13 0 
5@882: 7 13 1 
5@895: 6 13 1 
5@906: 6 13 0 
5@909: 5 13 0 
5@910: 6 13 0 
5@920: 5 13 0 
5@960: 5 13 1 
5@968: 5 12 1 
5@984: 5 12 2 
5@1001: 5 12 3 
5@1011: 6 12 3 
5@1030: 5 12 3 
5@1036: 5 12 2 
5@1079: 6 12 2 
5@1093: 6 11 2 
5@1133: 6 11 3 
5@1137: 6 11 2 
5@1139: 6 10 2 
5@1141: 5 10 2 
5@1158: 4 10 2 
5@1170: 5 10 2 
5@1177: 5 11 2 
5@1183: 4 11 2 
5@1215: 4 11 1 
5@1222: 3 11 1 
5@1230: 3 11 2 
5@1237: 3 11 1 
5@1241: 4 11 1 
5@1249: 4 11 2 
5@1250: 4 10 2 
5@1284: 4 10 3 
5@1314: 4 11 3 
5@1323: 4 11 2 
6@0: 10 8 8 
6@14: 9 8 8 
6@39: 9 9 8 
6@53: 8 9 8 
6@56: 8 9 9 
6@62: 8 8 9 
6@102: 8 7 9 
6@148: 9 7 9 
6@184: 8 7 9 
6@187: 8 7 10 
6@194: 9 7 10 
6@200: 9 6 10 
6@226: 9 5 10 
6@245: 10 5 10 
6@254: 10 4 10 
6@288: 10 3 10 
6@330: 10 3 9 
6@355: 11 3 9 
6@365: 10 3 9 
6@366: 9 3 9 
6@377: 9 3 8 
6@393: 8 3 9 
6@422: 9 3 9 
6@425: 9 3 10 
6@430: 9 3 11 
6@435: 9 3 12 
6@439: 9 3 11 
6@445: 9 2 11 
6@457: 8 2 11 
6@473: 8 3 11 
6@480: 8 2 11 
6@487: 8 1 11 
6@491: 8 0 11 
6@497: 9 0 11 
6@505: 8 0 11 
6@717: 9 0 11 
6@757: 9 0 12 
6@771: 9 1 12 
6@773: 8 1 12 
6@777: 7 1 12 
6@813: 6 1 12 
6@864: 7 1 12 
6@884: 7 2 12 
6@893: 6 2 12 
6@935: 6 2 11 
6@940: 6 2 12 
6@982: 5 2 12 
6@994: 6 2 12 
6@1024: 6 1 12 
6@1028: 6 2 12 
6@1031: 6 1 12 
6@1043: 6 1 11 
6@1061: 6 0 11 
6@1071: 6 0 12 
6@1085: 6 1 12 
6@1094: 7 1 12 
6@1118: 7 1 13 
6@1124: 7 2 13 
6@1127: 6 2 13 
6@1169: 7 2 13 
6@1179: 7 3 13 
6@1182: 7 3 12 
6@1187: 7 3 13 
6@1201: 7 2 13 
6@1204: 6 2 13 
6@1205: 6 2 12 
6@1210: 6 2 13 
6@1223: 6 1 13 
6@1225: 6 1 14 
6@1226: 6 2 14 
6@1256: 6 3 14 
6@1269: 6 3 15 
6@1307: 5 3 15 
6@1313: 5 3 14 
6@1330: 5 4 14 
7@0: 10 10 10 
7@46: 10 10 9 
7@50: 11 10 9 
7@99: 10 10 9 
7@104: 10 10 8 
7@130: 11 10 8 
7@148: 11 9 8 
7@150: 11 8 8 
7@158: 11 8 9 
7@167: 12 8 9 
7@176: 12 7 9 
7@199: 13 7 9 
7@206: 12 7 9 
7@208: 12 7 10 
7@210: 12 7 11 
7@218: 12 6 11 
7@226: 12 5 11 
7@241: 13 5 11 
7@283: 13 5 12 
7@287: 14 5 12 
7@289: 13 5 12 
7@297: 13 6 12 
7@309: 13 5 12 
7@331: 12 5 12 
7@345: 11 5 12 
7@351: 11 5 11 
7@354: 10 5 11 
7@360: 9 5 11 
7@382: 9 4 11 
7@427: 9 3 11 
7@455: 9 4 11 
7@457: 10 4 11 
7@516: 9 4 11 
7@601: 8 4 11 
7@606: 8 3 11 
7@609: 8 4 11 
7@621: 8 4 12 
7@625: 9 4 12 
7@647: 9 4 11 
7@653: 9 4 10 
7@682: 9 4 11 
7@692: 9 5 11 
7@707: 8 5 11 
7@720: 8 4 11 
7@722: 7 4 11 
7@728: 7 5 11 
7@740: 7 6 11 
7@742: 6 6 11 
7@743: 6 6 10 
7@753: 6 6 11 
7@763: 7 6 11 
7@783: 8 5 11 
7@785: 8 4 11 
7@789: 9 4 11 
7@803: 8 4 11 
7@805: 9 4 11 
7@850: 10 4 11 
7@852: 10 4 10 
7@854: 9 4 10 
7@873: 9 4 9 
7@907: 8 4 9 
7@920: 9 4 9 
7@930: 9 3 9 
7@975: 9 3 8 
7@984: 8 3 8 
7@992: 9 3 8 
7@993: 9 2 8 
7@1018: 9 1 8 
7@1025: 10 1 8 
7@1027: 10 1 9 
7@1035: 11 1 9 
7@1041: 11 2 9 
7@1043: 11 3 9 
7@1067: 11 2 9 
7@1075: 11 1 9 
7@1097: 11 2 9 
7@1114: 11 2 8 
7@1119: 10 2 8 
7@1133: 9 2 8 
7@1159: 8 2 8 
7@1176: 9 2 8 
7@1200: 9 2 7 
7@1208: 8 2 7 
7@1214: 9 2 7 
7@1216: 9 1 7 
7@1222: 10 1 7 
7@1233: 10 2 7 
7@1246: 10 1 7 
7@1248: 11 1 7 
7@1257: 11 1 8 
7@1297: 10 0 8 
7@1302: 10 1 8 
7@1320: 10 0 8 
7@1325: 9 0 8 
7@1343: 9 1 8 
7@1349: 9 1 9 
7@1350: 9 1 10 
7@1353: 9 1 11 
8@0: 3 3 3 
8@8: 3 2 3 
8@9: 2 2 3 
8@11: 2 1 3 
8@19: 2 0 3 
8@79: 2 1 3 
8@101: 2 0 3 
8@128: 1 0 2 
8@153: 1 1 2 
8@163: 1 1 1 
8@173: 1 2 1 
8@178: 1 3 1 
8@189: 1 3 0 
8@236: 2 3 0 
8@246: 2 4 0 
8@279: 1 4 0 
8@307: 2 4 0 
8@320: 2 4 1 
8@327: 2 4 0 
8@350: 2 4 1 
8@354: 2 3 1 
8@381: 2 3 2 
8@386: 3 3 2 
8@390: 4 3 2 
8@397: 4 3 3 
8@400: 4 2 3 
8@402: 3 2 3 
8@413: 4 2 3 
8@427: 3 2 3 
8@429: 3 2 2 
8@446: 2 2 2 
8@457: 3 2 2 
8@459: 3 2 3 
8@541: 3 3 3 
8@565: 3 3 4 
8@593: 3 3 5 
8@636: 3 4 5 
8@673: 3 5 5 
8@674: 3 5 4 
8@693: 3 6 4 
8@706: 3 5 4 
8@714: 3 5 5 
8@730: 3 4 5 
8@751: 3 3 5 
8@760: 3 4 5 
8@768: 4 4 5 
8@769: 5 4 5 
8@781: 5 5 5 
8@802: 5 4 5 
8@846: 6 4 5 
8@869: 6 4 6 
8@893: 5 4 6 
8@899: 5 4 5 
8@913: 6 4 5 
8@941: 6 4 6 
8@976: 7 4 6 
8@995: 6 4 6 
8@1044: 5 4 6 
8@1078: 5 4 5 
8@1096: 6 4 5 
8@1098: 6 5 5 
8@1135: 5 5 5 
8@1144: 5 6 5 
8@1146: 4 6 5 
8@1169: 4 5 5 
8@1176: 4 5 4 
8@1184: 4 6 4 
8@1189: 4 6 5 
8@1206: 3 6 5 
8@1211: 3 5 5 
8@1218: 2 5 5 
8@1227: 2 5 4 
8@1228: 2 6 4 
8@1249: 2 6 3 
8@1265: 1 6 3 
8@1267: 1 5 3 
8@1271: 1 5 4 
8@1294: 1 5 5 
8@1297: 2 5 5 
8@1312: 1 5 5 
8@1313: 1 4 5 
8@1317: 2 4 5 
8@1440: 3 4 5 
9@0: 0 0 0 
9@38: 0 1 0 
9@39: 1 1 0 
9@63: 1 0 0 
9@88: 2 0 0 
9@97: 2 1 1 
9@104: 3 1 1 
9@123: 3 1 2 
9@140: 3 0 2 
9@149: 3 0 3 
9@153: 3 1 3 
9@159: 3 0 3 
9@195: 3 1 3 
9@205: 4 1 3 
9@207: 4 1 4 
9@213: 3 1 4 
9@235: 2 1 4 
9@242: 1 1 5 
9@252: 1 0 5 
9@259: 1 1 5 
9@271: 1 2 5 
9@298: 1 3 5 
9@309: 2 3 5 
9@384: 2 4 5 
9@388: 2 4 6 
9@400: 2 4 5 
9@423: 2 5 5 
9@459: 2 5 6 
9@471: 2 5 7 
9@472: 2 6 7 
9@484: 2 5 7 
9@489: 3 5 7 
9@513: 3 5 8 
9@564: 3 4 8 
9@591: 3 3 8 
9@698: 3 2 8 
9@740: 3 3 8 
9@768: 2 3 8 
9@795: 2 4 8 
9@799: 2 3 8 
9@812: 1 3 8 
9@813: 1 3 9 
9@839: 1 3 8 
9@902: 1 3 7 
9@918: 1 3 8 
9@937: 1 3 7 
9@942: 2 3 7 
9@948: 2 3 8 
9@952: 3 3 8 
9@959: 2 3 8 
9@968: 2 3 9 
9@970: 2 4 9 
9@973: 2 5 9 
9@975: 1 5 9 
9@980: 0 5 9 
9@1010: 0 4 9 
9@1011: 0 4 8 
9@1020: 0 4 9 
9@1108: 0 4 10 
9@1113: 0 4 9 
9@1119: 0 3 9 
9@1152: 0 3 8 
9@1177: 0 4 8 
9@1186: 0 5 8 
9@1190: 1 5 8 
9@1206: 1 5 9 
9@1218: 0 5 9 
9@1225: 0 4 9 
9@1234: 1 4 9 
9@1241: 1 4 8 
9@1257: 1 3 8 
9@1297: 1 4 8 
9@1304: 1 4 7 
9@1313: 0 4 7 
9@1325: 0 3 7 
9@1342: 1 3 7 
9@1371: 1 4 7 
9@1372: 1 4 8 
